[4, 1, 2]
3
---
[4, 4, 1, 1, 1, 2, 2]
3
---
[1, 2, 3]
4
---
[1, 2, 3, 4, 5, 6, 7, 8, 9]
10
---
[2, 3, 4, 5, 6, 7, 8, 9]
1
---
[-1, -3]
1
---
[0]
1
---
[-1]
1
---
[2, 2, 2, 2, 2, 2, 2, 2]
1
---
[1000000]
1
---
[-1000000, -999999, -999998]
1
---
[1, 1, 1, 1, 1, 1, 1]
2
---
[1, 3, 6, 4, 1, 2]
5
---
[1, 1000, 100000]
2
---
[3, 4, -1, 1]
2
---
[7, 8, 9, 11, 12]
1
---
[1, 2, 0]
3
---
[10, 9, 8, 7, 6, 5, 4, 3, 2, 1]
11
---
[5, 4, 3, 2, 1, -1, -2, -3]
6
---
[-1, 0, 1, 2, 3, 5, 6]
4
---
[9, 8, 7, 6, 5, 4, 3, 2, 1]
10
---
[5, 3, 2, 4, 1, 7, 8, 9]
6
---
[2, 4, 6, 8, 10]
1
---
[1, 2, 3, 5, 6, 8, 9, 11]
4
---
[624610, 100282, 384297, -828292, 449758, -497552, 922424, -344248, 995086, -214916, -884710, -467374, 380752, 689065, -798041, 936144, 247029, 724875, -24538, -768718, -659980, -634485, -51273, 859918]
1