[[1, 2], [1, 2]]
[[1, 2], [1, 2]]
---
[[1, 2], [3, 0]]
[[1, 0], [0, 0]]
---
[[0, 1], [2, 3]]
[[0, 0], [0, 3]]
---
[[1, 2, 3], [4, 0, 6], [7, 8, 9]]
[[1, 0, 3], [0, 0, 0], [7, 0, 9]]
---
[[1, 2, 3, 4], [2, 4, 8, 0], [13, 3, 6, 7], [15, 14, 12, 16]]
[[1, 2, 3, 0], [0, 0, 0, 0], [13, 3, 6, 0], [15, 14, 12, 0]]
---
[[0, 0, 0, 0], [2, 4, 8, 0], [13, 3, 6, 7], [15, 14, 12, 16]]
[[0, 0, 0, 0], [0, 0, 0, 0], [0, 0, 0, 0], [0, 0, 0, 0]]
---
[[1, 2, 3, 4], [5, 6, 0, 8], [9, 10, 11, 12], [13, 14, 15, 16]]
[[1,  2,  0, 4], [0,  0,  0, 0], [9,  10, 0, 12], [13, 14, 0, 16]]